  1   1
  2   1
  3   2
  4   2
  5   1
  6   1
  7   1
  8   1
  9   1
 10   1
 11   1
 12   1
 13   1
 14   1
 15   1
 16   1
 17   1
 18   1
 19   2
 20   2
 21   3
 22   3
 23   3
 24   3
 25   1
 26   1
 27   1
 28   1
 29   2
 30   2
 31   2
 32   2
 33   2
 34   2
 35   2
 36   2
 37   2
 38   2
 39   2
 40   2
 41   2
 42   2
 43   2
 44   2
 45   2
 46   2
 47   2
 48   2
 49   1
 50   1
 51   1
 52   1
 53   1
 54   1
 55   1
 56   1
 57   1
 58   1
 59   1
 60   1
 61   1
 62   1
 63   4
 64   4
 65   4
 66   4
 67   1
 68   1
 69   1
 70   1
 71   3
 72   3
 73   1
 74   1
 75   3
 76   3
 77   3
 78   3
 79   1
 80   1
 81   1
 82   1
 83   1
 84   1
 85   1
 86   1
 87   1
 88   1
 89   1
 90   1
 91   3
 92   3
 93   1
 94   1
 95   1
 96   1
 97   1
 98   1
 99   1
100   1
101   1
102   1
103   1
104   1
105   1
106   1
107   3
108   3
109   1
110   1
111   1
112   1
113   1
114   1
115   1
116   1
117   1
118   1
119   1
120   1
121   1
122   1
123   1
124   1
125   1
126   1
127   1
128   1
129   1
130   1
131   1
132   1
133   1
134   1
135   1
136   1
137   1
138   1
139   1
140   1
141   5
142   5
143   1
144   1
145   1
146   1
147   1
148   1
149   1
150   1
151   1
152   1
153   1
154   1
155   1
156   1
157   1
158   1
159   1
160   1
161   1
162   1
163   1
164   1
165   1
166   1
167   1
168   1
169   1
170   1
171   1
172   1
173   6
174   6
175   6
176   6
177   6
178   6
179   7
180   7
181   7
182   7
183   1
184   1
185   4
186   4
187   4
188   4
189   1
190   1
191   1
192   1
193   1
194   1
195   1
196   1
197   1
198   1
199   1
200   1
201   1
202   1
203   1
204   1
205   1
206   1
207   1
208   1
209   1
210   1
211   1
212   1
213   1
214   1
215   1
216   1
217   3
218   3
219   1
220   1
221   1
222   1
223   1
224   1
225   1
226   1
227   1
228   1
229   1
230   1
231   6
232   6
233   3
234   3
235   3
236   3
237   3
238   3
239   1
240   1
241   1
242   1
243   1
244   1
245   1
246   1
247   1
248   1
249   1
250   1
251   5
252   5
253   1
254   1
255   1
256   1
257   1
258   1
259   1
260   1
261   1
262   1
263   1
264   1
265   1
266   1
267   1
268   1
269   1
270   1
271   1
272   1
273   1
274   1
275   1
276   1
277   1
278   1
279   1
280   1
281   1
282   1
283   1
284   1
285   1
286   1
287   1
288   1
289   1
290   1
291   1
292   1
293   5
294   5
295   1
296   1
297   1
298   1
299   1
300   1
301   1
302   1
303   1
304   1
305   1
306   1
307   1
308   1
309   1
310   1
311   1
312   1
313   1
314   1
315   1
316   1
317   1
318   1
319   1
320   1
321   1
322   1
323   1
324   1
325   1
326   1
327   1
328   1
329   1
330   1
331   1
332   1
333   1
334   1
335   1
336   1
337   1
338   1
339   1
340   1
341   1
342   1
343   1
344   1
345   1
346   1
347   1
348   1
349   3
350   3
351   3
352   3
353   3
354   3
355   3
356   3
357   3
358   3
359   3
360   3
361   3
362   3
363   3
364   3
365   3
366   3
367   3
368   3
369   3
370   3
371   1
372   1
373   3
374   3
375   3
376   3
377   3
378   3
379   3
380   3
381   3
382   3
383   3
384   3
385   3
386   3
387   3
388   3
389   1
390   1
391   3
392   3
393   3
394   3
395   3
396   3
397   1
398   1
399   1
400   1
401   3
402   3
403   3
404   3
405   3
406   3
407   1
408   1
409   3
410   3
411   3
412   3
413   3
414   3
415   3
416   3
417   3
418   3
419   3
420   3
421   6
422   6
423   6
424   6
425   3
426   3
427   6
428   6
429   6
430   6
431   6
432   6
433   6
434   6
435   3
436   3
437   1
438   1
439   1
440   1
441   3
442   3
443   1
444   1
445   1
446   1
447   1
448   1
449   3
450   3
451   1
452   1
453   1
454   1
455   1
456   1
457   3
458   3
459   3
460   3
461   3
462   3
463   3
464   3
465   3
466   3
467   3
468   3
469   3
470   3
471   1
472   1
473   3
474   3
475   3
476   3
477   3
478   3
479   3
480   3
481   3
482   3
483   1
484   1
485   1
486   1
487   1
488   1
489   3
490   3
491   3
492   3
493   3
494   3
495   1
496   1
497   1
498   1
499   1
500   1
501   1
502   1
503   1
504   1
505   3
506   3
507   1
508   1
509   1
510   1
511   3
512   3
513   3
514   3
515   1
516   1
517   3
518   3
519   3
520   3
521   3
522   3
523   3
524   3
525   3
526   3
527   3
528   3
529   1
530   1
531   1
532   1
533   1
534   1
535   1
536   1
537   1
538   1
539   1
540   1
541   1
542   1
543   1
544   1
545   1
546   1
547   1
548   1
549   1
550   1
551   1
552   1
553   1
554   1
555   3
556   3
557   3
558   3
559   3
560   3
561   3
562   3
563   3
564   3
565   3
566   3
567   3
568   3
569   3
570   3
571   3
572   3
573   3
574   3
575   3
576   3
577   1
578   1
579   1
580   1
581   1
582   1
583   3
584   3
585   1
586   1
587   1
588   1
589   1
590   1
591   3
592   3
593   3
594   3
595   3
596   3
597   3
598   3
599   3
600   3
601   3
602   3
603   3
604   3
605   3
606   3
607   3
608   3
609   1
610   1
611   3
612   3
613   3
614   3
615   3
616   3
617   3
618   3
619   3
620   3
621   3
622   3
623   3
624   3
625   3
626   3
627   3
628   3
629   3
630   3
631   3
632   3
633   3
634   3
635   3
636   3
637   1
638   1
639   3
640   3
641   3
642   3
643   3
644   3
645   7
646   7
647   2
648   2
649   1
650   1
651   1
652   1
653   1
654   1
655   3
656   3
657   1
658   1
659   1
660   1
661   1
662   1
663   1
664   1
665   1
666   1
667   1
668   1
669   1
670   1
671   7
672   7
673   1
674   1
675   1
676   1
677   3
678   3
679   3
680   3
681   3
682   3
683   3
684   3
685   3
686   3
687   3
688   3
689   3
690   3
691   3
692   3
693   3
694   3
695   1
696   1
697   1
698   1
699   1
700   1
701   1
702   1
703   1
704   1
705   1
706   1
707   6
708   6
709   1
710   1
711   1
712   1
713   1
714   1
715   1
716   1
717   1
718   1
719   1
720   1
721   1
722   1
723   1
724   1
725   1
726   1
727   1
728   1
729   3
730   3
731   3
732   3
733   3
734   3
735   3
736   3
737   3
738   3
739   3
740   3
741   1
742   1
743   3
744   3
745   3
746   3
747   3
748   3
749   3
750   3
751   3
752   3
753   3
754   3
755   3
756   3
757   3
758   3
759   3
760   3
761   3
762   3
763   3
764   3
765   1
766   1
767   1
768   1
769   3
770   3
771   1
772   1
773   1
774   1
775   3
776   3
777   1
778   1
779   1
780   1
781   1
782   1
783   3
784   3
785   1
786   1
787   3
788   3
789   3
790   3
791   3
792   3
793   3
794   3
795   3
796   3
797   3
798   3
799   3
800   3
801   3
802   3
803   3
804   3
805   3
806   3
807   3
808   3
809   1
810   1
811   3
812   3
813   3
814   3
815   3
816   3
817   3
818   3
819   3
820   3
821   3
822   3
823   3
824   3
825   3
826   3
827   1
828   1
829   1
830   1
831   1
832   1
833   1
834   1
835   3
836   3
837   3
838   3
839   1
840   1
841   1
842   1
843   1
844   1
845   1
846   1
847   1
848   1
849   1
850   1
851   3
852   3
853   3
854   3
855   3
856   3
857   1
858   1
859   3
860   3
861   1
862   1
863   1
864   1
865   3
866   3
867   3
868   3
869   1
870   1
871   1
872   1
873   1
874   1
875   3
876   3
877   3
878   3
879   3
880   3
881   3
882   3
883   3
884   3
885   3
886   3
887   3
888   3
889   3
890   3
891   3
892   3
893   3
894   3
895   3
896   3
897   3
898   3
899   3
900   3
901   3
902   3
903   1
904   1
905   1
906   1
907   3
908   3
909   1
910   1
911   1
912   1
913   3
914   3
915   7
916   7
