 13   1
 14   1
 15   1
 16   1
 53   1
 54   1
 79   1
 80   1
 81   1
 82   1
 83   1
 84   1
 85   1
 86   1
143   1
144   1
145   1
146   1
215   1
216   1
233   3
234   3
235   3
236   3
237   3
238   3
261   1
262   1
263   1
264   1
265   1
266   1
267   1
268   1
269   1
270   1
271   1
272   1
273   1
274   1
275   1
276   1
277   1
278   1
281   1
282   1
283   1
284   1
285   1
286   1
287   1
288   1
289   1
290   1
291   1
292   1
303   1
304   1
305   1
306   1
309   1
310   1
321   1
322   1
323   1
324   1
325   1
326   1
327   1
328   1
329   1
330   1
341   1
342   1
343   1
344   1
349   3
350   3
351   3
352   3
359   3
360   3
365   3
366   3
471   1
472   1
517   3
518   3
519   3
520   3
555   3
556   3
557   3
558   3
559   3
560   3
561   3
562   3
565   3
566   3
577   1
578   1
579   1
580   1
583   3
584   3
585   1
586   1
587   1
588   1
589   1
590   1
591   3
592   3
593   3
594   3
595   3
596   3
597   3
598   3
599   3
600   3
601   3
602   3
603   3
604   3
605   3
606   3
607   3
608   3
613   3
614   3
617   3
618   3
621   3
622   3
623   3
624   3
625   3
626   3
629   3
630   3
631   3
632   3
633   3
634   3
635   3
636   3
645   7
646   7
651   1
652   1
661   1
662   1
663   1
664   1
665   1
666   1
713   1
714   1
717   1
718   1
719   1
720   1
721   1
722   1
723   1
724   1
743   3
744   3
745   3
746   3
747   3
748   3
763   3
764   3
765   1
766   1
767   1
768   1
785   1
786   1
787   3
788   3
789   3
790   3
791   3
792   3
793   3
794   3
795   3
796   3
797   3
798   3
799   3
800   3
801   3
802   3
879   3
880   3
