  1   1 442 0
  2   1 680 0
  7   1 554 0
  8   1 792 0
  9   1 694 0
 10   1 456 0
 13   1 282 1
 14   1  44 1
 15   1 282 2
 16   1  44 2
 21   3 512 1
 22   3 750 1
 23   3 512 3
 24   3 750 3
 25   1 680 0
 26   1 442 0
 27   1 310 0
 28   1  72 0
 49   1
 50   1
 51   1 414 1
 52   1 652 1
 53   1  16 0
 54   1 254 0
 67   1 254 2
 68   1  16 2
 69   1 666 1
 70   1 428 1
 71   3
 72   3
 79   1 100 2
 80   1 338 2
 81   1 484 0
 82   1 722 0
 83   1 414 0
 84   1 652 0
 85   1 540 0
 86   1 778 0
 87   1
 88   1
 91   3 442 0
 92   3 680 0
 93   1 352 1
 94   1 114 1
 95   1 554 0
 96   1 792 0
 97   1
 98   1
103   1 156 3
104   1 394 3
105   1 722 0
106   1 484 0
107   3  44 0
108   3 282 0
117   1 338 0
118   1 100 0
119   1  16 0
120   1 254 0
127   1 722 0
128   1 484 0
129   1 338 0
130   1 100 0
143   1
144   1
145   1  44 0
146   1 282 0
151   1 414 3
152   1 652 3
153   1 324 0
154   1  86 0
155   1 750 0
156   1 512 0
157   1  58 0
158   1 296 0
163   1 526 2
164   1 764 2
165   1 296 1
166   1  58 1
171   1 142 0
172   1 380 0
179   7 156 0
180   7 394 0
181   7 352 3
182   7 114 3
183   1  44 0
184   1 282 0
185   4 380 1
186   4 142 1
187   4 470 1
188   4 708 1
191   1 366 0
192   1 128 0
193   1 156 1
194   1 394 1
195   1 498 1
196   1 736 1
197   1
198   1
199   1 526 0
200   1 764 0
205   1 414 3
206   1 652 3
209   1 722 2
210   1 484 2
211   1
212   1
213   1 414 0
214   1 652 0
215   1 778 2
216   1 540 2
217   3 366 1
218   3 128 1
219   1 750 0
220   1 512 0
229   1
230   1
233   3 456 0
234   3 694 0
235   3  44 0
236   3 282 0
237   3  30 0
238   3 268 0
255   1  16 0
256   1 254 0
259   1 282 2
260   1  44 2
261   1 652 3
262   1 414 3
263   1
264   1
265   1 428 0
266   1 666 0
267   1 296 0
268   1  58 0
269   1
270   1
271   1 442 0
272   1 680 0
273   1 156 0
274   1 394 0
275   1 442 0
276   1 680 0
277   1 442 0
278   1 680 0
279   1  58 0
280   1 296 0
281   1
282   1
283   1 394 0
284   1 156 0
285   1  44 1
286   1 282 1
287   1 750 2
288   1 512 2
289   1  44 1
290   1 282 1
291   1 792 0
292   1 554 0
293   5 170 0
294   5 408 0
295   1  58 1
296   1 296 1
297   1 428 1
298   1 666 1
299   1 380 3
300   1 142 3
301   1 268 0
302   1  30 0
303   1 554 2
304   1 792 2
305   1 442 1
306   1 680 1
307   1  44 3
308   1 282 3
309   1 352 0
310   1 114 0
311   1 652 1
312   1 414 1
313   1 652 1
314   1 414 1
317   1 128 2
318   1 366 2
319   1 470 1
320   1 708 1
321   1 296 0
322   1  58 0
323   1
324   1
325   1
326   1
327   1
328   1
329   1 142 0
330   1 380 0
331   1 792 3
332   1 554 3
333   1 792 0
334   1 554 0
335   1 352 0
336   1 114 0
337   1
338   1
339   1 142 2
340   1 380 2
341   1 394 1
342   1 156 1
343   1
344   1
345   1
346   1
347   1
348   1
349   3 526 0
350   3 764 0
351   3 526 3
352   3 764 3
353   3 142 1
354   3 380 1
355   3  72 2
356   3 310 2
357   3 722 0
358   3 484 0
359   3 142 0
360   3 380 0
361   3
362   3
363   3
364   3
365   3 456 0
366   3 694 0
367   3 764 2
368   3 526 2
369   3 268 0
370   3  30 0
371   1 764 2
372   1 526 2
373   3  86 0
374   3 324 0
375   3 680 2
376   3 442 2
377   3 428 0
378   3 666 0
379   3 708 2
380   3 470 2
381   3 540 0
382   3 778 0
383   3 296 2
384   3  58 2
385   3 540 3
386   3 778 3
387   3 540 1
388   3 778 1
389   1 778 0
390   1 540 0
391   3 380 3
392   3 142 3
393   3
394   3
395   3 470 1
396   3 708 1
397   1
398   1
399   1 282 0
400   1  44 0
401   3  30 0
402   3 268 0
403   3
404   3
405   3 282 1
406   3  44 1
409   3
410   3
411   3 380 2
412   3 142 2
413   3 442 2
414   3 680 2
415   3
416   3
417   3  44 0
418   3 282 0
419   3 694 0
420   3 456 0
435   3  30 2
436   3 268 2
439   1  86 0
440   1 324 0
441   3 722 2
442   3 484 2
443   1 282 1
444   1  44 1
449   3 526 3
450   3 764 3
451   1 540 0
452   1 778 0
455   1 470 1
456   1 708 1
457   3
458   3
459   3 268 0
460   3  30 0
461   3 694 3
462   3 456 3
463   3
464   3
465   3
466   3
467   3
468   3
469   3 778 3
470   3 540 3
471   1
472   1
473   3 442 3
474   3 680 3
475   3 540 0
476   3 778 0
477   3 512 0
478   3 750 0
479   3 296 3
480   3  58 3
481   3 708 0
482   3 470 0
485   1 156 2
486   1 394 2
489   3 666 3
490   3 428 3
491   3 666 0
492   3 428 0
493   3  30 1
494   3 268 1
495   1 456 3
496   1 694 3
515   1 338 0
516   1 100 0
517   3
518   3
519   3 428 0
520   3 666 0
523   3 540 0
524   3 778 0
525   3  44 0
526   3 282 0
527   3
528   3
529   1 540 0
530   1 778 0
533   1 142 0
534   1 380 0
535   1 470 3
536   1 708 3
537   1 736 2
538   1 498 2
539   1 352 3
540   1 114 3
541   1 750 0
542   1 512 0
543   1 764 0
544   1 526 0
545   1  72 0
546   1 310 0
547   1 142 0
548   1 380 0
549   1 156 2
550   1 394 2
551   1 792 0
552   1 554 0
553   1 470 0
554   1 708 0
555   3 512 0
556   3 750 0
557   3
558   3
559   3 380 0
560   3 142 0
561   3 310 0
562   3  72 0
563   3 456 0
564   3 694 0
565   3 282 0
566   3  44 0
567   3
568   3
569   3
570   3
571   3 540 3
572   3 778 3
573   3 338 0
574   3 100 0
575   3 666 0
576   3 428 0
577   1 254 0
578   1  16 0
579   1 282 0
580   1  44 0
581   1  16 3
582   1 254 3
583   3  44 0
584   3 282 0
585   1 736 0
586   1 498 0
587   1 414 0
588   1 652 0
589   1 380 0
590   1 142 0
591   3 680 0
592   3 442 0
593   3 778 2
594   3 540 2
595   3  86 1
596   3 324 1
597   3
598   3
599   3 750 0
600   3 512 0
601   3 708 3
602   3 470 3
603   3 736 1
604   3 498 1
605   3 736 0
606   3 498 0
607   3 428 0
608   3 666 0
609   1 394 2
610   1 156 2
611   3 296 2
612   3  58 2
613   3 142 2
614   3 380 2
615   3 366 2
616   3 128 2
617   3 750 3
618   3 512 3
619   3 540 3
620   3 778 3
621   3 680 0
622   3 442 0
623   3 352 0
624   3 114 0
625   3 778 1
626   3 540 1
627   3 708 0
628   3 470 0
629   3 666 2
630   3 428 2
631   3  86 0
632   3 324 0
633   3 268 1
634   3  30 1
635   3 778 0
636   3 540 0
637   1 128 3
638   1 366 3
639   3 736 0
640   3 498 0
641   3 498 0
642   3 736 0
643   3 540 2
644   3 778 2
645   7 142 0
646   7 380 0
651   1 526 1
652   1 764 1
653   1 268 0
654   1  30 0
661   1 352 0
662   1 114 0
663   1 414 0
664   1 652 0
665   1  44 1
666   1 282 1
667   1  16 0
668   1 254 0
671   7 156 0
672   7 394 0
677   3 750 0
678   3 512 0
679   3 128 1
680   3 366 1
681   3
682   3
683   3 338 0
684   3 100 0
685   3 456 0
686   3 694 0
687   3 268 0
688   3  30 0
689   3 722 1
690   3 484 1
691   3  30 1
692   3 268 1
693   3 484 0
694   3 722 0
703   1 352 0
704   1 114 0
705   1 792 1
706   1 554 1
711   1 526 2
712   1 764 2
713   1 442 0
714   1 680 0
715   1
716   1
717   1 414 2
718   1 652 2
719   1
720   1
721   1 792 2
722   1 554 2
723   1 764 2
724   1 526 2
725   1 142 2
726   1 380 2
727   1 142 0
728   1 380 0
729   3 708 2
730   3 470 2
731   3
732   3
733   3
734   3
735   3 526 1
736   3 764 1
737   3 268 2
738   3  30 2
739   3 484 1
740   3 722 1
741   1 296 0
742   1  58 0
743   3
744   3
745   3 352 0
746   3 114 0
747   3 268 0
748   3  30 0
749   3 268 1
750   3  30 1
751   3 526 3
752   3 764 3
753   3 694 0
754   3 456 0
755   3 456 1
756   3 694 1
757   3 456 0
758   3 694 0
759   3 366 0
760   3 128 0
761   3  58 2
762   3 296 2
763   3 694 2
764   3 456 2
765   1 470 1
766   1 708 1
767   1 128 0
768   1 366 0
769   3  30 1
770   3 268 1
771   1 652 1
772   1 414 1
773   1 394 1
774   1 156 1
775   3 540 0
776   3 778 0
783   3 366 3
784   3 128 3
785   1 100 2
786   1 338 2
787   3 142 0
788   3 380 0
789   3 268 0
790   3  30 0
791   3 428 2
792   3 666 2
793   3 352 0
794   3 114 0
795   3 708 0
796   3 470 0
797   3 380 1
798   3 142 1
799   3 442 0
800   3 680 0
801   3
802   3
803   3  72 2
804   3 310 2
805   3 764 0
806   3 526 0
807   3 324 2
808   3  86 2
809   1 268 2
810   1  30 2
811   3
812   3
813   3  58 3
814   3 296 3
815   3 484 3
816   3 722 3
817   3 338 0
818   3 100 0
819   3 540 3
820   3 778 3
821   3 680 0
822   3 442 0
823   3 366 0
824   3 128 0
825   3  30 1
826   3 268 1
827   1 428 1
828   1 666 1
829   1  30 1
830   1 268 1
833   1 666 0
834   1 428 0
835   3 114 1
836   3 352 1
837   3 512 1
838   3 750 1
839   1 310 0
840   1  72 0
841   1 512 1
842   1 750 1
843   1 254 1
844   1  16 1
845   1 736 0
846   1 498 0
847   1 114 0
848   1 352 0
849   1 156 0
850   1 394 0
859   3 680 2
860   3 442 2
861   1 254 1
862   1  16 1
863   1 156 3
864   1 394 3
865   3  30 2
866   3 268 2
867   3  30 1
868   3 268 1
869   1 414 2
870   1 652 2
871   1  30 3
872   1 268 3
875   3 324 2
876   3  86 2
877   3
878   3
879   3 750 3
880   3 512 3
881   3 778 2
882   3 540 2
883   3  86 3
884   3 324 3
885   3 666 2
886   3 428 2
887   3 268 3
888   3  30 3
889   3 268 3
890   3  30 3
891   3 666 2
892   3 428 2
893   3
894   3
895   3  86 1
896   3 324 1
897   3 512 1
898   3 750 1
899   3 366 3
900   3 128 3
901   3 722 2
902   3 484 2
903   1 254 1
904   1  16 1
905   1
906   1
911   1 254 3
912   1  16 3
913   3  72 3
914   3 310 3
915   7 100 1
916   7 338 1