 13   1
 14   1
 15   1
 16   1
 23   3
 24   3
 27   1
 28   1
 49   1
 50   1
 51   1
 52   1
 53   1
 54   1
 67   1
 68   1
 69   1
 70   1
 79   1
 80   1
 81   1
 82   1
 83   1
 84   1
 85   1
 86   1
103   1
104   1
105   1
106   1
117   1
118   1
119   1
120   1
127   1
128   1
129   1
130   1
143   1
144   1
145   1
146   1
151   1
152   1
153   1
154   1
155   1
156   1
157   1
158   1
179   7
180   7
181   7
182   7
183   1
184   1
191   1
192   1
193   1
194   1
205   1
206   1
209   1
210   1
211   1
212   1
213   1
214   1
215   1
216   1
217   3
218   3
233   3
234   3
235   3
236   3
237   3
238   3
261   1
262   1
263   1
264   1
265   1
266   1
267   1
268   1
269   1
270   1
271   1
272   1
273   1
274   1
275   1
276   1
277   1
278   1
281   1
282   1
283   1
284   1
285   1
286   1
287   1
288   1
289   1
290   1
291   1
292   1
295   1
296   1
299   1
300   1
301   1
302   1
303   1
304   1
305   1
306   1
307   1
308   1
309   1
310   1
311   1
312   1
313   1
314   1
321   1
322   1
323   1
324   1
325   1
326   1
327   1
328   1
329   1
330   1
339   1
340   1
341   1
342   1
343   1
344   1
345   1
346   1
347   1
348   1
349   3
350   3
351   3
352   3
355   3
356   3
357   3
358   3
359   3
360   3
361   3
362   3
363   3
364   3
365   3
366   3
367   3
368   3
369   3
370   3
371   1
372   1
375   3
376   3
377   3
378   3
387   3
388   3
397   1
398   1
401   3
402   3
405   3
406   3
435   3
436   3
439   1
440   1
449   3
450   3
471   1
472   1
475   3
476   3
477   3
478   3
481   3
482   3
491   3
492   3
493   3
494   3
495   1
496   1
517   3
518   3
519   3
520   3
523   3
524   3
525   3
526   3
527   3
528   3
533   1
534   1
535   1
536   1
555   3
556   3
557   3
558   3
559   3
560   3
561   3
562   3
563   3
564   3
565   3
566   3
575   3
576   3
577   1
578   1
579   1
580   1
581   1
582   1
583   3
584   3
585   1
586   1
587   1
588   1
589   1
590   1
591   3
592   3
593   3
594   3
595   3
596   3
597   3
598   3
599   3
600   3
601   3
602   3
603   3
604   3
605   3
606   3
607   3
608   3
613   3
614   3
615   3
616   3
617   3
618   3
619   3
620   3
621   3
622   3
623   3
624   3
625   3
626   3
629   3
630   3
631   3
632   3
633   3
634   3
635   3
636   3
637   1
638   1
639   3
640   3
641   3
642   3
643   3
644   3
645   7
646   7
651   1
652   1
653   1
654   1
661   1
662   1
663   1
664   1
665   1
666   1
667   1
668   1
671   7
672   7
713   1
714   1
715   1
716   1
717   1
718   1
719   1
720   1
721   1
722   1
723   1
724   1
725   1
726   1
727   1
728   1
741   1
742   1
743   3
744   3
745   3
746   3
747   3
748   3
757   3
758   3
759   3
760   3
763   3
764   3
765   1
766   1
767   1
768   1
769   3
770   3
771   1
772   1
773   1
774   1
783   3
784   3
785   1
786   1
787   3
788   3
789   3
790   3
791   3
792   3
793   3
794   3
795   3
796   3
797   3
798   3
799   3
800   3
801   3
802   3
817   3
818   3
825   3
826   3
827   1
828   1
829   1
830   1
835   3
836   3
837   3
838   3
867   3
868   3
875   3
876   3
877   3
878   3
879   3
880   3
881   3
882   3
889   3
890   3
891   3
892   3
893   3
894   3
895   3
896   3
903   1
904   1
911   1
912   1
